
power = 2112.01753704432
throughput = 7280.57
composite = 3921.31247411868
